1 -0.162292 -0.00457912
2 -0.1939 -0.00546414
3 -0.201167 -0.00566762
4 -0.198519 -0.00559347
5 -0.196924 -0.00508992
6 -0.197941 -0.00559698
7 -0.20035 -0.00566443
8 -0.200405 -0.00566597
9 -0.200127 -0.00565818
10 -0.200126 -0.00565817
11 -0.198704 -0.00521153
12 -0.198704 -0.00563821
13 -0.198704 -0.00563821
14 -0.198704 -0.00563821
15 -0.196657 -0.0055809
16 -0.195521 -0.00554911
17 -0.193537 -0.00549353
18 -0.19051 -0.00540879
19 -0.18846 -0.00475518
20 -0.179435 -0.00242812
21 -0.166644 -0.00477734
22 -0.180298 -0.00515965
23 -0.264189 -0.0327022
24 -0.412652 -0.011692
25 -0.620921 -0.0175235
26 -0.762807 -0.0214963
27 -0.957595 -0.0854825
28 -1.16301 -0.0327979
29 -1.38957 -0.0391414
30 -1.65192 -0.0464873
31 -1.92787 -0.137191
32 -2.19178 -0.061796
33 -2.36365 -0.0666085
34 -2.53396 -0.0713773
35 -2.68024 -0.119625
36 -2.78467 -0.0786651
37 -2.83355 -0.0800338
38 -2.84101 -0.0802426
39 -2.80282 -0.0679966
40 -2.71497 -0.0769936
41 -2.59553 -0.0736493
42 -2.44344 -0.0693909
43 -2.26166 -0.00999402
44 -2.06458 -0.059009
45 -1.86889 -0.0535295
46 -1.67258 -0.0480329
47 -1.44294 0.0271454
48 -1.24038 -0.0360758
49 -1.00057 -0.0293611
50 -0.650658 -0.0195635
51 -0.274999 0.103625
52 0.0903893 0.00115837
53 0.454066 0.0113413
54 0.859497 0.144409
55 1.24347 0.0335306
56 1.61292 0.0438752
57 2.03332 0.0556465
58 2.45272 0.193453
59 2.85203 0.0788154
60 3.14383 0.0869859
61 3.43694 0.0951931
62 3.70077 0.182099
63 3.90183 0.10858
64 4.04143 0.112489
65 4.12764 0.114903
66 4.15294 0.123614
67 4.12335 0.115198
68 4.02895 0.112555
69 3.92248 0.078025
70 3.8289 0.107345
71 3.75183 0.105188
72 3.67937 0.0817898
73 3.62217 0.101925
74 3.57892 0.100714
75 3.53955 0.0996115
76 3.50703 0.0987012
77 3.46611 0.0975552
78 3.42969 0.0859545
79 3.39642 0.095947
80 3.43411 0.0970023
81 3.40218 0.0961084
82 3.36748 0.0951367
83 3.33745 0.0942958
84 3.31951 0.0937936
85 3.29794 0.0870462
86 3.28717 0.0932177
87 3.27147 0.0927781
88 3.25869 0.0924204
89 2.93115 -0.0147213
90 2.81544 0.0803024
91 2.69194 0.0768443
92 2.5469 0.0295283
93 2.39267 0.0687195
94 2.22901 0.064137
95 2.0546 0.00713728
96 1.84105 0.0534796
97 1.66022 0.0484165
98 1.49658 0.0438344
99 1.30169 -0.0199591
100 1.102 0.0329164
101 0.917677 0.0277554
102 0.757249 0.0232634
103 0.611646 -0.0244332
104 0.530248 0.0169685
105 0.393351 0.0131354
106 0.247122 0.00904102
107 0.166723 -0.0173129
108 0.0692406 0.00407702
109 -0.0167619 0.00166895
110 -0.190617 -0.00319899
111 -0.42095 -0.0787903
112 -0.688103 -0.0171707
113 -0.932851 -0.0240236
114 -1.24406 -0.0327375
115 -1.5291 -0.126383
116 -1.84166 -0.0496231
117 -2.13918 -0.0579537
118 -2.39654 -0.0651598
119 -2.62595 -0.140668
120 -2.80928 -0.0769791
121 -2.97313 -0.0815668
122 -3.08734 -0.0847649
123 -3.16403 -0.110233
124 -3.226 -0.0889637
125 -3.266 -0.0900836
126 -3.28816 -0.0907043
127 -3.29182 -0.0922331
128 -3.28142 -0.0908446
129 -3.25642 -0.0901448
130 -3.21942 -0.0891088
