1 0.204999 0 0.0204999
2 0.455 0 0.0454999
3 0.705 0 0.0704999
4 0.955 0 0.0954999
5 1 0 0.1109
6 1 0 0.11
7 1 0 0.11
8 0.75 0 0.0849999
9 0.5 0 0.0599999
10 0.25 0 0.0349999
11 -1.16255e-08 0 0.00499991
12 -7.52657e-08 0 0.0099999
13 -1.34989e-07 0 0.00999989
14 -7.41685e-08 0 0.0099999
15 0.312297 0 0.0412296
16 0.92143 0 0.102143
17 1.66369 0 0.176369
18 2.41369 0 0.251369
19 2.8529 0 0.332603
20 2.52241 0 0.309384
21 2.23573 0 0.287326
22 2.01801 0 0.265554
23 1.87284 0 0.266863
24 1.74337 0 0.256818
25 1.58888 0 0.241369
26 1.50045 0 0.232527
27 1.41285 0 0.236143
28 1.35743 0 0.232353
29 1.31186 0 0.227796
30 1.27034 0 0.223644
31 1.22893 0 0.230964
32 1.1979 0 0.228689
33 1.16117 0 0.225016
34 1.14474 0 0.223373
35 1.12423 0 0.232154
36 1.09898 0 0.23004
37 1.06879 0 0.22702
38 1.05453 0 0.225595
39 1.03475 0 0.233569
40 1.01129 0 0.231618
41 0.992298 0 0.229719
42 0.974342 0 0.227923
43 0.966488 0 0.236646
44 0.952863 0 0.23544
45 0.932716 0 0.233426
46 0.917972 0 0.231951
47 0.90205 0 0.239061
48 0.892324 0 0.238407
49 0.880925 0 0.237267
50 0.863124 0 0.235487
51 0.851869 0 0.242655
52 0.852752 0 0.242968
53 0.835268 0 0.24122
54 0.818128 0 0.247344
55 0.81625 0 0.247499
56 0.797657 0 0.24564
57 0.777273 0 0.243602
58 0.763234 0 0.249549
59 0.771127 0 0.250619
60 0.745979 0 0.248105
61 0.727676 0 0.246274
62 0.627951 0 0.240587
63 0.357366 0 0.215523
64 -0.1092 0 0.168866
65 -0.569033 0 0.122883
66 -0.880367 0 0.0767192
67 -0.93006 0 0.0779766
68 -0.671807 0 0.103802
69 -0.426459 0 0.128979
70 -0.297446 0 0.136973
71 -0.217952 0 0.144923
72 -0.162673 0 0.14993
73 -0.116931 0 0.153398
74 -0.0564271 0 0.159449
75 -0.0654942 0 0.158542
76 -0.0384734 0 0.161244
77 -0.268286 0 0.138263
78 -0.508977 0 0.10429
79 -0.721296 0 0.0878719
80 -0.941743 0 0.0658272
81 -0.859473 0 0.0740542
82 -0.740229 0 0.0859787
83 -0.642456 0 0.095756
84 -0.550288 0 0.104973
85 -0.174798 0 0.148284
86 0.415137 0 0.199767
87 1.25041 0 0.283294
88 1.92287 0 0.350541
89 1.46302 0 0.309989
90 1.37548 0 0.310432
91 1.19875 0 0.292758
92 1.0538 0 0.285903
93 0.946195 0 0.278041
94 0.865903 0 0.270012
95 0.802753 0 0.270462
96 0.743622 0 0.265811
97 0.704745 0 0.261924
98 0.675454 0 0.258995
99 0.649839 0 0.262419
100 0.630024 0 0.26095
101 0.610657 0 0.259013
102 0.59156 0 0.257104
103 0.575904 0 0.260984
104 0.565632 0 0.26027
105 0.552115 0 0.258918
106 0.537372 0 0.257444
107 0.528371 0 0.261648
108 0.519752 0 0.260966
109 0.510438 0 0.260034
110 0.500491 0 0.25904
111 0.492577 0 0.263016
112 0.491784 0 0.263095
113 0.481976 0 0.262114
114 0.471308 0 0.261047
115 0.464966 0 0.264936
116 0.469499 0 0.265516
117 0.73687 0 0.292253
118 0.682178 0 0.286784
119 0.621038 0 0.285657
120 0.580798 0 0.282856
121 0.529222 0 0.277698
122 0.496997 0 0.274476
123 0.587173 0 0.291169
124 0.544423 0 0.28509
125 0.501867 0 0.280835
126 0.465453 0 0.277193
127 0.437412 0 0.278203
128 0.413535 0 0.276376
129 0.392427 0 0.274265
130 0.374905 0 0.272513
